time	V(n006)
0.000000000000000e+00	1.843553e-05
3.906249889523705e-12	1.843553e-05
7.812499779047410e-12	1.843553e-05
1.562499955809482e-11	1.843553e-05
3.124999911618964e-11	1.843553e-05
6.249999823237928e-11	1.843553e-05
1.249999964647586e-10	1.843553e-05
2.499999929295171e-10	1.843553e-05
4.999999858590343e-10	1.843553e-05
9.999999717180685e-10	1.843553e-05
1.999999943436137e-09	1.843553e-05
3.999999886872274e-09	1.843553e-05
7.999999773744548e-09	1.843553e-05
1.599999954748910e-08	1.843553e-05
3.199999909497819e-08	1.843553e-05
6.399999818995639e-08	1.843553e-05
1.279999963799128e-07	1.843553e-05
2.559999927598255e-07	1.843553e-05
5.119999855196511e-07	1.843553e-05
9.026249855196511e-07	1.843553e-05
1.293249985519651e-06	1.843553e-05
1.683874985519651e-06	1.843553e-05
2.074499985519651e-06	1.843553e-05
2.465124985519651e-06	1.843553e-05
2.855749985519651e-06	1.843553e-05
3.246374985519651e-06	1.843553e-05
3.636999985519652e-06	1.843553e-05
4.027624985519652e-06	1.843553e-05
4.418249985519652e-06	1.843553e-05
4.808874985519652e-06	1.843553e-05
5.199499985519652e-06	1.843553e-05
5.590124985519653e-06	1.843553e-05
5.980749985519653e-06	1.843553e-05
6.371374985519653e-06	1.843553e-05
6.761999985519653e-06	1.843553e-05
7.152624985519653e-06	1.843553e-05
7.543249985519653e-06	1.843553e-05
7.933874985519654e-06	1.843553e-05
8.324499985519653e-06	1.843553e-05
8.715124985519652e-06	1.843553e-05
9.105749985519652e-06	1.843553e-05
9.496374985519651e-06	1.843553e-05
9.886999985519650e-06	1.843553e-05
1.027762498551965e-05	1.843553e-05
1.066824998551965e-05	1.843553e-05
1.105887498551965e-05	1.843553e-05
1.144949998551965e-05	1.843553e-05
1.184012498551965e-05	1.843553e-05
1.223074998551965e-05	1.843553e-05
1.262137498551965e-05	1.843553e-05
1.301199998551964e-05	1.843553e-05
1.340262498551964e-05	1.843553e-05
1.379324998551964e-05	1.843553e-05
1.418387498551964e-05	1.843553e-05
1.457449998551964e-05	1.843553e-05
1.496512498551964e-05	1.843553e-05
1.535574998551964e-05	1.843553e-05
1.574637498551964e-05	1.843553e-05
1.613699998551964e-05	1.843553e-05
1.652762498551965e-05	1.843553e-05
1.691824998551965e-05	1.843553e-05
1.730887498551965e-05	1.843553e-05
1.769949998551965e-05	1.843553e-05
1.809012498551965e-05	1.843553e-05
1.848074998551965e-05	1.843553e-05
1.887137498551965e-05	1.843553e-05
1.926199998551965e-05	1.843553e-05
1.965262498551965e-05	1.843553e-05
2.004324998551965e-05	1.843553e-05
2.043387498551966e-05	1.843553e-05
2.082449998551966e-05	1.843553e-05
2.121512498551966e-05	1.843553e-05
2.160574998551966e-05	1.843553e-05
2.199637498551966e-05	1.843553e-05
2.238699998551966e-05	1.843553e-05
2.277762498551966e-05	1.843553e-05
2.316824998551966e-05	1.843553e-05
2.355887498551966e-05	1.843553e-05
2.394949998551967e-05	1.843553e-05
2.434012498551967e-05	1.843553e-05
2.473074998551967e-05	1.843553e-05
2.512137498551967e-05	1.843553e-05
2.551199998551967e-05	1.843553e-05
2.590262498551967e-05	1.843553e-05
2.629324998551967e-05	1.843553e-05
2.668387498551967e-05	1.843553e-05
2.707449998551967e-05	1.843553e-05
2.746512498551967e-05	1.843553e-05
2.785574998551968e-05	1.843553e-05
2.824637498551968e-05	1.843553e-05
2.863699998551968e-05	1.843553e-05
2.902762498551968e-05	1.843553e-05
2.941824998551968e-05	1.843553e-05
2.980887498551968e-05	1.843553e-05
3.019949998551968e-05	1.843553e-05
3.059012498551968e-05	1.843553e-05
3.098074998551968e-05	1.843553e-05
3.137137498551967e-05	1.843553e-05
3.176199998551967e-05	1.843553e-05
3.215262498551967e-05	1.843553e-05
3.254324998551967e-05	1.843553e-05
3.293387498551966e-05	1.843553e-05
3.332449998551966e-05	1.843553e-05
3.371512498551966e-05	1.843553e-05
3.410574998551966e-05	1.843553e-05
3.449637498551966e-05	1.843553e-05
3.488699998551965e-05	1.843553e-05
3.527762498551965e-05	1.843553e-05
3.566824998551965e-05	1.843553e-05
3.605887498551965e-05	1.843553e-05
3.644949998551964e-05	1.843553e-05
3.684012498551964e-05	1.843553e-05
3.723074998551964e-05	1.843553e-05
3.762137498551964e-05	1.843553e-05
3.801199998551963e-05	1.843553e-05
3.840262498551963e-05	1.843553e-05
3.879324998551963e-05	1.843553e-05
3.918387498551963e-05	1.843553e-05
3.957449998551962e-05	1.843553e-05
3.996512498551962e-05	1.843553e-05
4.035574998551962e-05	1.843553e-05
4.074637498551962e-05	1.843553e-05
4.113699998551962e-05	1.843553e-05
4.152762498551961e-05	1.843553e-05
4.191824998551961e-05	1.843553e-05
4.230887498551961e-05	1.843553e-05
4.269949998551961e-05	1.843553e-05
4.309012498551960e-05	1.843553e-05
4.348074998551960e-05	1.843553e-05
4.387137498551960e-05	1.843553e-05
4.426199998551960e-05	1.843553e-05
4.465262498551959e-05	1.843553e-05
4.504324998551959e-05	1.843553e-05
4.543387498551959e-05	1.843553e-05
4.582449998551959e-05	1.843553e-05
4.621512498551958e-05	1.843553e-05
4.660574998551958e-05	1.843553e-05
4.699637498551958e-05	1.843553e-05
4.738699998551958e-05	1.843553e-05
4.777762498551958e-05	1.843553e-05
4.816824998551957e-05	1.843553e-05
4.855887498551957e-05	1.843553e-05
4.894949998551957e-05	1.843553e-05
4.934012498551957e-05	1.843553e-05
4.973074998551956e-05	1.843553e-05
5.000000000000000e-05	1.843553e-05
5.000033333333333e-05	1.843553e-05
5.000100000000000e-05	2.494508e+01
5.000152705674674e-05	6.434318e+01
5.000201113693755e-05	1.004508e+02
5.000252671338111e-05	1.388257e+02
5.000355786626825e-05	2.153229e+02
5.000562017204252e-05	3.673114e+02
5.000974478359107e-05	6.673076e+02
5.001799400668816e-05	1.251705e+03
5.003449245288235e-05	2.360656e+03
5.006748934527072e-05	4.358041e+03
5.013348313004746e-05	7.601517e+03
5.025977073144685e-05	1.173750e+04
5.038979279417275e-05	1.405321e+04
5.056579729325076e-05	1.547760e+04
5.075122024210980e-05	1.585169e+04
5.101098321696570e-05	1.558034e+04
5.131365107843737e-05	1.484456e+04
5.170427607843737e-05	1.377710e+04
5.209490107843737e-05	1.274618e+04
5.248552607843737e-05	1.178781e+04
5.287615107843736e-05	1.090099e+04
5.326677607843736e-05	1.008084e+04
5.365740107843736e-05	9.322411e+03
5.404802607843736e-05	8.621058e+03
5.443865107843736e-05	7.972486e+03
5.482927607843735e-05	7.372725e+03
5.521990107843735e-05	6.818100e+03
5.561052607843735e-05	6.305215e+03
5.600115107843735e-05	5.830929e+03
5.639177607843734e-05	5.392336e+03
5.678240107843734e-05	4.986751e+03
5.717302607843734e-05	4.611690e+03
5.756365107843734e-05	4.264855e+03
5.795427607843733e-05	3.944122e+03
5.834490107843733e-05	3.647527e+03
5.873552607843733e-05	3.373253e+03
5.912615107843733e-05	3.119620e+03
5.951677607843732e-05	2.885075e+03
5.990740107843732e-05	2.668181e+03
6.029802607843732e-05	2.467611e+03
6.068865107843732e-05	2.282135e+03
6.107927607843732e-05	2.110617e+03
6.146990107843732e-05	1.952007e+03
6.186052607843732e-05	1.805334e+03
6.225115107843731e-05	1.669700e+03
6.264177607843731e-05	1.544273e+03
6.303240107843731e-05	1.428285e+03
6.342302607843731e-05	1.321026e+03
6.381365107843731e-05	1.221839e+03
6.420427607843730e-05	1.130117e+03
6.459490107843730e-05	1.045298e+03
6.498552607843730e-05	9.668621e+02
6.537615107843730e-05	8.943290e+02
6.576677607843729e-05	8.272546e+02
6.615740107843729e-05	7.652281e+02
6.654802607843729e-05	7.078696e+02
6.693865107843729e-05	6.548277e+02
6.732927607843728e-05	6.057776e+02
6.771990107843728e-05	5.604189e+02
6.811052607843728e-05	5.184739e+02
6.850115107843728e-05	4.796855e+02
6.889177607843727e-05	4.438162e+02
6.928240107843727e-05	4.106464e+02
6.967302607843727e-05	3.799728e+02
7.006365107843727e-05	3.516077e+02
7.045427607843727e-05	3.253772e+02
7.084490107843726e-05	3.011208e+02
7.123552607843726e-05	2.786899e+02
7.162615107843726e-05	2.579471e+02
7.201677607843726e-05	2.387653e+02
7.240740107843725e-05	2.210270e+02
7.279802607843725e-05	2.046237e+02
7.318865107843725e-05	1.894549e+02
7.357927607843725e-05	1.754277e+02
7.396990107843724e-05	1.624560e+02
7.436052607843724e-05	1.504606e+02
7.475115107843724e-05	1.393680e+02
7.514177607843724e-05	1.291101e+02
7.553240107843723e-05	1.196242e+02
7.592302607843723e-05	1.108522e+02
7.631365107843723e-05	1.027403e+02
7.670427607843723e-05	9.523891e+01
7.709490107843722e-05	8.830205e+01
7.748552607843722e-05	8.188722e+01
7.787615107843722e-05	7.595515e+01
7.826677607843722e-05	7.046950e+01
7.865740107843722e-05	6.539668e+01
7.904802607843721e-05	6.070562e+01
7.943865107843721e-05	5.636758e+01
7.982927607843721e-05	5.235600e+01
8.021990107843721e-05	4.864632e+01
8.061052607843720e-05	4.521580e+01
8.100115107843720e-05	4.204345e+01
8.139177607843720e-05	3.910983e+01
8.178240107843720e-05	3.639698e+01
8.217302607843719e-05	3.388828e+01
8.256365107843719e-05	3.156836e+01
8.295427607843719e-05	2.942303e+01
8.334490107843719e-05	2.743913e+01
8.373552607843718e-05	2.560453e+01
8.412615107843718e-05	2.390799e+01
8.451677607843718e-05	2.233911e+01
8.490740107843718e-05	2.088829e+01
8.529802607843718e-05	1.954664e+01
8.568865107843717e-05	1.830595e+01
8.607927607843717e-05	1.715862e+01
8.646990107843717e-05	1.609763e+01
8.686052607843717e-05	1.511647e+01
8.725115107843716e-05	1.420914e+01
8.764177607843716e-05	1.337008e+01
8.803240107843716e-05	1.259416e+01
8.842302607843716e-05	1.187661e+01
8.881365107843715e-05	1.121306e+01
8.920427607843715e-05	1.059943e+01
8.959490107843715e-05	1.003197e+01
8.998552607843715e-05	9.507205e+00
9.037615107843714e-05	9.021920e+00
9.076677607843714e-05	8.573145e+00
9.115740107843714e-05	8.158132e+00
9.154802607843714e-05	7.774339e+00
9.193865107843714e-05	7.419418e+00
9.232927607843713e-05	7.091196e+00
9.271990107843713e-05	6.787663e+00
9.311052607843713e-05	6.506962e+00
9.350115107843713e-05	6.247373e+00
9.389177607843712e-05	6.007309e+00
9.428240107843712e-05	5.785299e+00
9.467302607843712e-05	5.579986e+00
9.506365107843712e-05	5.390112e+00
9.545427607843711e-05	5.214515e+00
9.584490107843711e-05	5.052122e+00
9.623552607843711e-05	4.901938e+00
9.662615107843711e-05	4.763045e+00
9.701677607843710e-05	4.634593e+00
9.740740107843710e-05	4.515795e+00
9.779802607843710e-05	4.405926e+00
9.818865107843710e-05	4.304314e+00
9.857927607843710e-05	4.210337e+00
9.896990107843709e-05	4.123421e+00
9.936052607843709e-05	4.043033e+00
9.975115107843709e-05	3.968684e+00
1.001417760784371e-04	3.899918e+00
1.005324010784371e-04	3.836315e+00
1.009230260784371e-04	3.777487e+00
1.013136510784371e-04	3.723074e+00
1.017042760784371e-04	3.672745e+00
1.020949010784371e-04	3.626191e+00
1.024855260784371e-04	3.583129e+00
1.028761510784371e-04	3.543295e+00
1.032667760784371e-04	3.506448e+00
1.036574010784371e-04	3.472361e+00
1.040480260784371e-04	3.440828e+00
1.044386510784371e-04	3.411656e+00
1.048292760784371e-04	3.384668e+00
1.052199010784371e-04	3.359699e+00
1.056105260784371e-04	3.336597e+00
1.060011510784371e-04	3.315222e+00
1.063917760784370e-04	3.295443e+00
1.067824010784370e-04	3.277141e+00
1.071730260784370e-04	3.260204e+00
1.075636510784370e-04	3.244530e+00
1.079542760784370e-04	3.230024e+00
1.083449010784370e-04	3.216598e+00
1.087355260784370e-04	3.204170e+00
1.091261510784370e-04	3.192666e+00
1.095167760784370e-04	3.182015e+00
1.099074010784370e-04	3.172154e+00
1.102980260784370e-04	3.163023e+00
1.106886510784370e-04	3.154568e+00
1.110792760784370e-04	3.146737e+00
1.114699010784370e-04	3.139483e+00
1.118605260784370e-04	3.132763e+00
1.122511510784370e-04	3.126538e+00
1.126417760784370e-04	3.120768e+00
1.130324010784370e-04	3.115421e+00
1.134230260784370e-04	3.110465e+00
1.138136510784370e-04	3.105870e+00
1.142042760784370e-04	3.101608e+00
1.145949010784370e-04	3.097656e+00
1.149855260784370e-04	3.093989e+00
1.153761510784370e-04	3.090586e+00
1.157667760784370e-04	3.087427e+00
1.161574010784370e-04	3.084494e+00
1.165480260784370e-04	3.081770e+00
1.169386510784370e-04	3.079239e+00
1.173292760784370e-04	3.076886e+00
1.177199010784370e-04	3.074699e+00
1.181105260784370e-04	3.072665e+00
1.185011510784370e-04	3.070771e+00
1.188917760784370e-04	3.069009e+00
1.192824010784370e-04	3.067367e+00
1.196730260784370e-04	3.065836e+00
1.200636510784370e-04	3.064409e+00
1.204542760784370e-04	3.063078e+00
1.208449010784370e-04	3.061835e+00
1.212355260784370e-04	3.060673e+00
1.216261510784370e-04	3.059587e+00
1.220167760784370e-04	3.058571e+00
1.224074010784370e-04	3.057620e+00
1.227980260784370e-04	3.056728e+00
1.231886510784370e-04	3.055892e+00
1.235792760784370e-04	3.055106e+00
1.239699010784370e-04	3.054368e+00
1.243605260784370e-04	3.053673e+00
1.247511510784370e-04	3.053019e+00
1.251417760784370e-04	3.052402e+00
1.255324010784370e-04	3.051820e+00
1.259230260784371e-04	3.051270e+00
1.263136510784371e-04	3.050749e+00
1.267042760784371e-04	3.050256e+00
1.270949010784371e-04	3.049787e+00
1.274855260784371e-04	3.049343e+00
1.278761510784371e-04	3.048919e+00
1.282667760784371e-04	3.048516e+00
1.286574010784371e-04	3.048131e+00
1.290480260784371e-04	3.047764e+00
1.294386510784372e-04	3.047412e+00
1.298292760784372e-04	3.047075e+00
1.302199010784372e-04	3.046751e+00
1.306105260784372e-04	3.046440e+00
1.310011510784372e-04	3.046140e+00
1.313917760784372e-04	3.045851e+00
1.317824010784372e-04	3.045572e+00
1.321730260784372e-04	3.045302e+00
1.325636510784372e-04	3.045041e+00
1.329542760784373e-04	3.044787e+00
1.333449010784373e-04	3.044541e+00
1.337355260784373e-04	3.044301e+00
1.341261510784373e-04	3.044067e+00
1.345167760784373e-04	3.043840e+00
1.349074010784373e-04	3.043617e+00
1.352980260784373e-04	3.043400e+00
1.356886510784373e-04	3.043186e+00
1.360792760784373e-04	3.042978e+00
1.364699010784374e-04	3.042773e+00
1.368605260784374e-04	3.042571e+00
1.372511510784374e-04	3.042373e+00
1.376417760784374e-04	3.042178e+00
1.380324010784374e-04	3.041986e+00
1.384230260784374e-04	3.041796e+00
1.388136510784374e-04	3.041609e+00
1.392042760784374e-04	3.041424e+00
1.395949010784374e-04	3.041241e+00
1.399855260784375e-04	3.041060e+00
1.403761510784375e-04	3.040881e+00
1.407667760784375e-04	3.040704e+00
1.411574010784375e-04	3.040528e+00
1.415480260784375e-04	3.040353e+00
1.419386510784375e-04	3.040180e+00
1.423292760784375e-04	3.040008e+00
1.427199010784375e-04	3.039837e+00
1.431105260784375e-04	3.039667e+00
1.435011510784376e-04	3.039498e+00
1.438917760784376e-04	3.039330e+00
1.442824010784376e-04	3.039163e+00
1.446730260784376e-04	3.038996e+00
1.450636510784376e-04	3.038831e+00
1.454542760784376e-04	3.038666e+00
1.458449010784376e-04	3.038501e+00
1.462355260784376e-04	3.038337e+00
1.466261510784376e-04	3.038174e+00
1.470167760784377e-04	3.038011e+00
1.474074010784377e-04	3.037848e+00
1.477980260784377e-04	3.037686e+00
1.481886510784377e-04	3.037524e+00
1.485792760784377e-04	3.037363e+00
1.489699010784377e-04	3.037202e+00
1.493605260784377e-04	3.037041e+00
1.497511510784377e-04	3.036881e+00
1.501417760784377e-04	3.036721e+00
1.505324010784378e-04	3.036561e+00
1.509230260784378e-04	3.036401e+00
1.513136510784378e-04	3.036242e+00
1.517042760784378e-04	3.036082e+00
1.520949010784378e-04	3.035923e+00
1.524855260784378e-04	3.035764e+00
1.528761510784378e-04	3.035605e+00
1.532667760784378e-04	3.035447e+00
1.536574010784378e-04	3.035288e+00
1.540480260784379e-04	3.035130e+00
1.544386510784379e-04	3.034971e+00
1.548292760784379e-04	3.034813e+00
1.552199010784379e-04	3.034655e+00
1.556105260784379e-04	3.034497e+00
1.560011510784379e-04	3.034339e+00
1.563917760784379e-04	3.034182e+00
1.567824010784379e-04	3.034024e+00
1.571730260784379e-04	3.033866e+00
1.575636510784380e-04	3.033709e+00
1.579542760784380e-04	3.033551e+00
1.583449010784380e-04	3.033394e+00
1.587355260784380e-04	3.033237e+00
1.591261510784380e-04	3.033079e+00
1.595167760784380e-04	3.032922e+00
1.599074010784380e-04	3.032765e+00
1.602980260784380e-04	3.032607e+00
1.606886510784380e-04	3.032450e+00
1.610792760784381e-04	3.032293e+00
1.614699010784381e-04	3.032136e+00
1.618605260784381e-04	3.031979e+00
1.622511510784381e-04	3.031822e+00
1.626417760784381e-04	3.031665e+00
1.630324010784381e-04	3.031508e+00
1.634230260784381e-04	3.031351e+00
1.638136510784381e-04	3.031194e+00
1.642042760784381e-04	3.031038e+00
1.645949010784382e-04	3.030881e+00
1.649855260784382e-04	3.030724e+00
1.653761510784382e-04	3.030567e+00
1.657667760784382e-04	3.030411e+00
1.661574010784382e-04	3.030254e+00
1.665480260784382e-04	3.030097e+00
1.669386510784382e-04	3.029940e+00
1.673292760784382e-04	3.029784e+00
1.677199010784382e-04	3.029627e+00
1.681105260784383e-04	3.029470e+00
1.685011510784383e-04	3.029314e+00
1.688917760784383e-04	3.029157e+00
1.692824010784383e-04	3.029001e+00
1.696730260784383e-04	3.028844e+00
1.700636510784383e-04	3.028688e+00
1.704542760784383e-04	3.028531e+00
1.708449010784383e-04	3.028375e+00
1.712355260784383e-04	3.028218e+00
1.716261510784384e-04	3.028062e+00
1.720167760784384e-04	3.027905e+00
1.724074010784384e-04	3.027749e+00
1.727980260784384e-04	3.027593e+00
1.731886510784384e-04	3.027436e+00
1.735792760784384e-04	3.027280e+00
1.739699010784384e-04	3.027123e+00
1.743605260784384e-04	3.026967e+00
1.747511510784385e-04	3.026811e+00
1.751417760784385e-04	3.026654e+00
1.755324010784385e-04	3.026498e+00
1.759230260784385e-04	3.026342e+00
1.763136510784385e-04	3.026186e+00
1.767042760784385e-04	3.026029e+00
1.770949010784385e-04	3.025873e+00
1.774855260784385e-04	3.025717e+00
1.778761510784385e-04	3.025561e+00
1.782667760784386e-04	3.025404e+00
1.786574010784386e-04	3.025248e+00
1.790480260784386e-04	3.025092e+00
1.794386510784386e-04	3.024936e+00
1.798292760784386e-04	3.024780e+00
1.802199010784386e-04	3.024624e+00
1.806105260784386e-04	3.024467e+00
1.810011510784386e-04	3.024311e+00
1.813917760784386e-04	3.024155e+00
1.817824010784387e-04	3.023999e+00
1.821730260784387e-04	3.023843e+00
1.825636510784387e-04	3.023687e+00
1.829542760784387e-04	3.023531e+00
1.833449010784387e-04	3.023375e+00
1.837355260784387e-04	3.023219e+00
1.841261510784387e-04	3.023063e+00
1.845167760784387e-04	3.022907e+00
1.849074010784387e-04	3.022751e+00
1.852980260784388e-04	3.022595e+00
1.856886510784388e-04	3.022439e+00
1.860792760784388e-04	3.022283e+00
1.864699010784388e-04	3.022127e+00
1.868605260784388e-04	3.021971e+00
1.872511510784388e-04	3.021815e+00
1.876417760784388e-04	3.021660e+00
1.880324010784388e-04	3.021504e+00
1.884230260784388e-04	3.021348e+00
1.888136510784389e-04	3.021192e+00
1.892042760784389e-04	3.021036e+00
1.895949010784389e-04	3.020880e+00
1.899855260784389e-04	3.020725e+00
1.903761510784389e-04	3.020569e+00
1.907667760784389e-04	3.020413e+00
1.911574010784389e-04	3.020257e+00
1.915480260784389e-04	3.020101e+00
1.919386510784389e-04	3.019946e+00
1.923292760784390e-04	3.019790e+00
1.927199010784390e-04	3.019634e+00
1.931105260784390e-04	3.019478e+00
1.935011510784390e-04	3.019323e+00
1.938917760784390e-04	3.019167e+00
1.942824010784390e-04	3.019011e+00
1.946730260784390e-04	3.018856e+00
1.950636510784390e-04	3.018700e+00
1.954542760784390e-04	3.018544e+00
1.958449010784391e-04	3.018389e+00
1.962355260784391e-04	3.018233e+00
1.966261510784391e-04	3.018078e+00
1.970167760784391e-04	3.017922e+00
1.974074010784391e-04	3.017766e+00
1.977980260784391e-04	3.017611e+00
1.981886510784391e-04	3.017455e+00
1.985792760784391e-04	3.017300e+00
1.989699010784391e-04	3.017144e+00
1.993605260784392e-04	3.016989e+00
1.997511510784392e-04	3.016833e+00
2.001417760784392e-04	3.016678e+00
2.005324010784392e-04	3.016522e+00
2.009230260784392e-04	3.016367e+00
2.013136510784392e-04	3.016211e+00
2.017042760784392e-04	3.016056e+00
2.020949010784392e-04	3.015901e+00
2.024855260784392e-04	3.015745e+00
2.028761510784393e-04	3.015590e+00
2.032667760784393e-04	3.015434e+00
2.036574010784393e-04	3.015279e+00
2.040480260784393e-04	3.015124e+00
2.044386510784393e-04	3.014968e+00
2.048292760784393e-04	3.014813e+00
2.052199010784393e-04	3.014657e+00
2.056105260784393e-04	3.014502e+00
2.060011510784393e-04	3.014347e+00
2.063917760784394e-04	3.014192e+00
2.067824010784394e-04	3.014036e+00
2.071730260784394e-04	3.013881e+00
2.075636510784394e-04	3.013726e+00
2.079542760784394e-04	3.013571e+00
2.083449010784394e-04	3.013416e+00
2.087355260784394e-04	3.013260e+00
2.091261510784394e-04	3.013105e+00
2.095167760784394e-04	3.012950e+00
2.099074010784395e-04	3.012795e+00
2.102980260784395e-04	3.012640e+00
2.106886510784395e-04	3.012485e+00
2.110792760784395e-04	3.012329e+00
2.114699010784395e-04	3.012174e+00
2.118605260784395e-04	3.012019e+00
2.122511510784395e-04	3.011864e+00
2.126417760784395e-04	3.011709e+00
2.130324010784395e-04	3.011554e+00
2.134230260784396e-04	3.011399e+00
2.138136510784396e-04	3.011244e+00
2.142042760784396e-04	3.011089e+00
2.145949010784396e-04	3.010934e+00
2.149855260784396e-04	3.010779e+00
2.153761510784396e-04	3.010624e+00
2.157667760784396e-04	3.010469e+00
2.161574010784396e-04	3.010314e+00
2.165480260784396e-04	3.010159e+00
2.169386510784397e-04	3.010004e+00
2.173292760784397e-04	3.009849e+00
2.177199010784397e-04	3.009694e+00
2.181105260784397e-04	3.009539e+00
2.185011510784397e-04	3.009384e+00
2.188917760784397e-04	3.009229e+00
2.192824010784397e-04	3.009074e+00
2.196730260784397e-04	3.008920e+00
2.200636510784397e-04	3.008765e+00
2.204542760784398e-04	3.008610e+00
2.208449010784398e-04	3.008455e+00
2.212355260784398e-04	3.008300e+00
2.216261510784398e-04	3.008146e+00
2.220167760784398e-04	3.007991e+00
2.224074010784398e-04	3.007836e+00
2.227980260784398e-04	3.007681e+00
2.231886510784398e-04	3.007527e+00
2.235792760784398e-04	3.007372e+00
2.239699010784399e-04	3.007217e+00
2.243605260784399e-04	3.007062e+00
2.247511510784399e-04	3.006908e+00
2.251417760784399e-04	3.006753e+00
2.255324010784399e-04	3.006598e+00
2.259230260784399e-04	3.006444e+00
2.263136510784399e-04	3.006289e+00
2.267042760784399e-04	3.006135e+00
2.270949010784399e-04	3.005980e+00
2.274855260784400e-04	3.005825e+00
2.278761510784400e-04	3.005671e+00
2.282667760784400e-04	3.005516e+00
2.286574010784400e-04	3.005362e+00
2.290480260784400e-04	3.005207e+00
2.294386510784400e-04	3.005052e+00
2.298292760784400e-04	3.004898e+00
2.302199010784400e-04	3.004743e+00
2.306105260784401e-04	3.004589e+00
2.310011510784401e-04	3.004434e+00
2.313917760784401e-04	3.004280e+00
2.317824010784401e-04	3.004125e+00
2.321730260784401e-04	3.003971e+00
2.325636510784401e-04	3.003817e+00
2.329542760784401e-04	3.003662e+00
2.333449010784401e-04	3.003508e+00
2.337355260784401e-04	3.003353e+00
2.341261510784402e-04	3.003199e+00
2.345167760784402e-04	3.003045e+00
2.349074010784402e-04	3.002890e+00
2.352980260784402e-04	3.002736e+00
2.356886510784402e-04	3.002582e+00
2.360792760784402e-04	3.002427e+00
2.364699010784402e-04	3.002273e+00
2.368605260784402e-04	3.002119e+00
2.372511510784402e-04	3.001964e+00
2.376417760784403e-04	3.001810e+00
2.380324010784403e-04	3.001656e+00
2.384230260784403e-04	3.001502e+00
2.388136510784403e-04	3.001347e+00
2.392042760784403e-04	3.001193e+00
2.395949010784403e-04	3.001039e+00
2.399855260784403e-04	3.000885e+00
2.403761510784403e-04	3.000731e+00
2.407667760784403e-04	3.000576e+00
2.411574010784404e-04	3.000422e+00
2.415480260784404e-04	3.000268e+00
2.419386510784404e-04	3.000114e+00
2.423292760784404e-04	2.999960e+00
2.427199010784404e-04	2.999806e+00
2.431105260784404e-04	2.999651e+00
2.435011510784404e-04	2.999497e+00
2.438917760784404e-04	2.999343e+00
2.442824010784404e-04	2.999189e+00
2.446730260784405e-04	2.999035e+00
2.450636510784405e-04	2.998881e+00
2.454542760784405e-04	2.998727e+00
2.458449010784405e-04	2.998573e+00
2.462355260784405e-04	2.998419e+00
2.466261510784405e-04	2.998265e+00
2.470167760784405e-04	2.998111e+00
2.474074010784405e-04	2.997957e+00
2.477980260784405e-04	2.997803e+00
2.481886510784406e-04	2.997649e+00
2.485792760784406e-04	2.997495e+00
2.489699010784406e-04	2.997342e+00
2.493605260784406e-04	2.997188e+00
2.497511510784406e-04	2.997034e+00
2.501417760784406e-04	2.996880e+00
2.505324010784406e-04	2.996726e+00
2.509230260784406e-04	2.996572e+00
2.513136510784406e-04	2.996418e+00
2.517042760784407e-04	2.996264e+00
2.520949010784407e-04	2.996111e+00
2.524855260784407e-04	2.995957e+00
2.528761510784407e-04	2.995803e+00
2.532667760784407e-04	2.995649e+00
2.536574010784407e-04	2.995496e+00
2.540480260784407e-04	2.995342e+00
2.544386510784407e-04	2.995188e+00
2.548292760784407e-04	2.995034e+00
2.552199010784408e-04	2.994881e+00
2.556105260784408e-04	2.994727e+00
2.560011510784408e-04	2.994573e+00
2.563917760784408e-04	2.994420e+00
2.567824010784408e-04	2.994266e+00
2.571730260784408e-04	2.994112e+00
2.575636510784408e-04	2.993959e+00
2.579542760784408e-04	2.993805e+00
2.583449010784408e-04	2.993651e+00
2.587355260784409e-04	2.993498e+00
2.591261510784409e-04	2.993344e+00
2.595167760784409e-04	2.993191e+00
2.599074010784409e-04	2.993037e+00
2.602980260784409e-04	2.992884e+00
2.606886510784409e-04	2.992730e+00
2.610792760784409e-04	2.992577e+00
2.614699010784409e-04	2.992423e+00
2.618605260784409e-04	2.992270e+00
2.622511510784410e-04	2.992116e+00
2.626417760784410e-04	2.991963e+00
2.630324010784410e-04	2.991809e+00
2.634230260784410e-04	2.991656e+00
2.638136510784410e-04	2.991502e+00
2.642042760784410e-04	2.991349e+00
2.645949010784410e-04	2.991195e+00
2.649855260784410e-04	2.991042e+00
2.653761510784410e-04	2.990889e+00
2.657667760784411e-04	2.990735e+00
2.661574010784411e-04	2.990582e+00
2.665480260784411e-04	2.990428e+00
2.669386510784411e-04	2.990275e+00
2.673292760784411e-04	2.990122e+00
2.677199010784411e-04	2.989969e+00
2.681105260784411e-04	2.989815e+00
2.685011510784411e-04	2.989662e+00
2.688917760784411e-04	2.989509e+00
2.692824010784412e-04	2.989356e+00
2.696730260784412e-04	2.989202e+00
2.700636510784412e-04	2.989049e+00
2.704542760784412e-04	2.988896e+00
2.708449010784412e-04	2.988743e+00
2.712355260784412e-04	2.988589e+00
2.716261510784412e-04	2.988436e+00
2.720167760784412e-04	2.988283e+00
2.724074010784412e-04	2.988130e+00
2.727980260784413e-04	2.987977e+00
2.731886510784413e-04	2.987823e+00
2.735792760784413e-04	2.987670e+00
2.739699010784413e-04	2.987517e+00
2.743605260784413e-04	2.987364e+00
2.747511510784413e-04	2.987211e+00
2.751417760784413e-04	2.987058e+00
2.755324010784413e-04	2.986905e+00
2.759230260784413e-04	2.986752e+00
2.763136510784414e-04	2.986599e+00
2.767042760784414e-04	2.986446e+00
2.770949010784414e-04	2.986293e+00
2.774855260784414e-04	2.986140e+00
2.778761510784414e-04	2.985987e+00
2.782667760784414e-04	2.985834e+00
2.786574010784414e-04	2.985681e+00
2.790480260784414e-04	2.985528e+00
2.794386510784414e-04	2.985375e+00
2.798292760784415e-04	2.985222e+00
2.802199010784415e-04	2.985069e+00
2.806105260784415e-04	2.984916e+00
2.810011510784415e-04	2.984763e+00
2.813917760784415e-04	2.984611e+00
2.817824010784415e-04	2.984458e+00
2.821730260784415e-04	2.984305e+00
2.825636510784415e-04	2.984152e+00
2.829542760784415e-04	2.983999e+00
2.833449010784416e-04	2.983846e+00
2.837355260784416e-04	2.983694e+00
2.841261510784416e-04	2.983541e+00
2.845167760784416e-04	2.983388e+00
2.849074010784416e-04	2.983235e+00
2.852980260784416e-04	2.983083e+00
2.856886510784416e-04	2.982930e+00
2.860792760784416e-04	2.982777e+00
2.864699010784417e-04	2.982624e+00
2.868605260784417e-04	2.982472e+00
2.872511510784417e-04	2.982319e+00
2.876417760784417e-04	2.982166e+00
2.880324010784417e-04	2.982014e+00
2.884230260784417e-04	2.981861e+00
2.888136510784417e-04	2.981708e+00
2.892042760784417e-04	2.981556e+00
2.895949010784417e-04	2.981403e+00
2.899855260784418e-04	2.981251e+00
2.903761510784418e-04	2.981098e+00
2.907667760784418e-04	2.980945e+00
2.911574010784418e-04	2.980793e+00
2.915480260784418e-04	2.980640e+00
2.919386510784418e-04	2.980488e+00
2.923292760784418e-04	2.980335e+00
2.927199010784418e-04	2.980183e+00
2.931105260784418e-04	2.980030e+00
2.935011510784419e-04	2.979878e+00
2.938917760784419e-04	2.979725e+00
2.942824010784419e-04	2.979573e+00
2.946730260784419e-04	2.979420e+00
2.950636510784419e-04	2.979268e+00
2.954542760784419e-04	2.979115e+00
2.958449010784419e-04	2.978963e+00
2.962355260784419e-04	2.978811e+00
2.966261510784419e-04	2.978658e+00
2.970167760784420e-04	2.978506e+00
2.974074010784420e-04	2.978354e+00
2.977980260784420e-04	2.978201e+00
2.981886510784420e-04	2.978049e+00
2.985792760784420e-04	2.977896e+00
2.989699010784420e-04	2.977744e+00
2.993605260784420e-04	2.977592e+00
2.997511510784420e-04	2.977439e+00
3.001417760784420e-04	2.977287e+00
3.005324010784421e-04	2.977135e+00
3.009230260784421e-04	2.976983e+00
3.013136510784421e-04	2.976830e+00
3.017042760784421e-04	2.976678e+00
3.020949010784421e-04	2.976526e+00
3.024855260784421e-04	2.976374e+00
3.028761510784421e-04	2.976222e+00
3.032667760784421e-04	2.976069e+00
3.036574010784421e-04	2.975917e+00
3.040480260784422e-04	2.975765e+00
3.044386510784422e-04	2.975613e+00
3.048292760784422e-04	2.975461e+00
3.052199010784422e-04	2.975309e+00
3.056105260784422e-04	2.975157e+00
3.060011510784422e-04	2.975005e+00
3.063917760784422e-04	2.974853e+00
3.067824010784422e-04	2.974700e+00
3.071730260784422e-04	2.974548e+00
3.075636510784423e-04	2.974396e+00
3.079542760784423e-04	2.974244e+00
3.083449010784423e-04	2.974092e+00
3.087355260784423e-04	2.973940e+00
3.091261510784423e-04	2.973788e+00
3.095167760784423e-04	2.973636e+00
3.099074010784423e-04	2.973484e+00
3.102980260784423e-04	2.973332e+00
3.106886510784423e-04	2.973181e+00
3.110792760784424e-04	2.973028e+00
3.114699010784424e-04	2.972877e+00
3.118605260784424e-04	2.972725e+00
3.122511510784424e-04	2.972573e+00
3.126417760784424e-04	2.972421e+00
3.130324010784424e-04	2.972269e+00
3.134230260784424e-04	2.972117e+00
3.138136510784424e-04	2.971965e+00
3.142042760784424e-04	2.971813e+00
3.145949010784425e-04	2.971662e+00
3.149855260784425e-04	2.971510e+00
3.153761510784425e-04	2.971358e+00
3.157667760784425e-04	2.971206e+00
3.161574010784425e-04	2.971055e+00
3.165480260784425e-04	2.970903e+00
3.169386510784425e-04	2.970751e+00
3.173292760784425e-04	2.970599e+00
3.177199010784425e-04	2.970448e+00
3.181105260784426e-04	2.970296e+00
3.185011510784426e-04	2.970144e+00
3.188917760784426e-04	2.969992e+00
3.192824010784426e-04	2.969841e+00
3.196730260784426e-04	2.969689e+00
3.200636510784426e-04	2.969537e+00
3.204542760784426e-04	2.969386e+00
3.208449010784426e-04	2.969234e+00
3.212355260784426e-04	2.969083e+00
3.216261510784427e-04	2.968931e+00
3.220167760784427e-04	2.968779e+00
3.224074010784427e-04	2.968628e+00
3.227980260784427e-04	2.968476e+00
3.231886510784427e-04	2.968325e+00
3.235792760784427e-04	2.968173e+00
3.239699010784427e-04	2.968022e+00
3.243605260784427e-04	2.967870e+00
3.247511510784427e-04	2.967719e+00
3.251417760784428e-04	2.967567e+00
3.255324010784428e-04	2.967416e+00
3.259230260784428e-04	2.967264e+00
3.263136510784428e-04	2.967113e+00
3.267042760784428e-04	2.966961e+00
3.270949010784428e-04	2.966810e+00
3.274855260784428e-04	2.966659e+00
3.278761510784428e-04	2.966507e+00
3.282667760784428e-04	2.966356e+00
3.286574010784429e-04	2.966204e+00
3.290480260784429e-04	2.966053e+00
3.294386510784429e-04	2.965902e+00
3.298292760784429e-04	2.965750e+00
3.302199010784429e-04	2.965599e+00
3.306105260784429e-04	2.965448e+00
3.310011510784429e-04	2.965296e+00
3.313917760784429e-04	2.965145e+00
3.317824010784429e-04	2.964994e+00
3.321730260784430e-04	2.964843e+00
3.325636510784430e-04	2.964691e+00
3.329542760784430e-04	2.964540e+00
3.333449010784430e-04	2.964389e+00
3.337355260784430e-04	2.964238e+00
3.341261510784430e-04	2.964086e+00
3.345167760784430e-04	2.963935e+00
3.349074010784430e-04	2.963784e+00
3.352980260784430e-04	2.963633e+00
3.356886510784431e-04	2.963482e+00
3.360792760784431e-04	2.963331e+00
3.364699010784431e-04	2.963179e+00
3.368605260784431e-04	2.963028e+00
3.372511510784431e-04	2.962877e+00
3.376417760784431e-04	2.962726e+00
3.380324010784431e-04	2.962575e+00
3.384230260784431e-04	2.962424e+00
3.388136510784431e-04	2.962273e+00
3.392042760784432e-04	2.962122e+00
3.395949010784432e-04	2.961971e+00
3.399855260784432e-04	2.961820e+00
3.403761510784432e-04	2.961669e+00
3.407667760784432e-04	2.961518e+00
3.411574010784432e-04	2.961367e+00
3.415480260784432e-04	2.961216e+00
3.419386510784432e-04	2.961065e+00
3.423292760784433e-04	2.960914e+00
3.427199010784433e-04	2.960763e+00
3.431105260784433e-04	2.960612e+00
3.435011510784433e-04	2.960461e+00
3.438917760784433e-04	2.960310e+00
3.442824010784433e-04	2.960160e+00
3.446730260784433e-04	2.960009e+00
3.450636510784433e-04	2.959858e+00
3.454542760784433e-04	2.959707e+00
3.458449010784434e-04	2.959556e+00
3.462355260784434e-04	2.959405e+00
3.466261510784434e-04	2.959255e+00
3.470167760784434e-04	2.959104e+00
3.474074010784434e-04	2.958953e+00
3.477980260784434e-04	2.958802e+00
3.481886510784434e-04	2.958651e+00
3.485792760784434e-04	2.958501e+00
3.489699010784434e-04	2.958350e+00
3.493605260784435e-04	2.958199e+00
3.497511510784435e-04	2.958048e+00
3.501417760784435e-04	2.957898e+00
3.505324010784435e-04	2.957747e+00
3.509230260784435e-04	2.957596e+00
3.513136510784435e-04	2.957446e+00
3.517042760784435e-04	2.957295e+00
3.520949010784435e-04	2.957144e+00
3.524855260784435e-04	2.956994e+00
3.528761510784436e-04	2.956843e+00
3.532667760784436e-04	2.956692e+00
3.536574010784436e-04	2.956542e+00
3.540480260784436e-04	2.956391e+00
3.544386510784436e-04	2.956241e+00
3.548292760784436e-04	2.956090e+00
3.552199010784436e-04	2.955940e+00
3.556105260784436e-04	2.955789e+00
3.560011510784436e-04	2.955639e+00
3.563917760784437e-04	2.955488e+00
3.567824010784437e-04	2.955338e+00
3.571730260784437e-04	2.955187e+00
3.575636510784437e-04	2.955037e+00
3.579542760784437e-04	2.954886e+00
3.583449010784437e-04	2.954736e+00
3.587355260784437e-04	2.954585e+00
3.591261510784437e-04	2.954435e+00
3.595167760784437e-04	2.954285e+00
3.599074010784438e-04	2.954134e+00
3.602980260784438e-04	2.953984e+00
3.606886510784438e-04	2.953833e+00
3.610792760784438e-04	2.953683e+00
3.614699010784438e-04	2.953533e+00
3.618605260784438e-04	2.953382e+00
3.622511510784438e-04	2.953232e+00
3.626417760784438e-04	2.953082e+00
3.630324010784438e-04	2.952931e+00
3.634230260784439e-04	2.952781e+00
3.638136510784439e-04	2.952631e+00
3.642042760784439e-04	2.952481e+00
3.645949010784439e-04	2.952330e+00
3.649855260784439e-04	2.952180e+00
3.653761510784439e-04	2.952030e+00
3.657667760784439e-04	2.951880e+00
3.661574010784439e-04	2.951730e+00
3.665480260784439e-04	2.951579e+00
3.669386510784440e-04	2.951429e+00
3.673292760784440e-04	2.951279e+00
3.677199010784440e-04	2.951129e+00
3.681105260784440e-04	2.950979e+00
3.685011510784440e-04	2.950829e+00
3.688917760784440e-04	2.950679e+00
3.692824010784440e-04	2.950528e+00
3.696730260784440e-04	2.950378e+00
3.700636510784440e-04	2.950228e+00
3.704542760784441e-04	2.950078e+00
3.708449010784441e-04	2.949928e+00
3.712355260784441e-04	2.949778e+00
3.716261510784441e-04	2.949628e+00
3.720167760784441e-04	2.949478e+00
3.724074010784441e-04	2.949328e+00
3.727980260784441e-04	2.949178e+00
3.731886510784441e-04	2.949028e+00
3.735792760784441e-04	2.948878e+00
3.739699010784442e-04	2.948728e+00
3.743605260784442e-04	2.948578e+00
3.747511510784442e-04	2.948428e+00
3.751417760784442e-04	2.948278e+00
3.755324010784442e-04	2.948128e+00
3.759230260784442e-04	2.947978e+00
3.763136510784442e-04	2.947829e+00
3.767042760784442e-04	2.947679e+00
3.770949010784442e-04	2.947529e+00
3.774855260784443e-04	2.947379e+00
3.778761510784443e-04	2.947229e+00
3.782667760784443e-04	2.947079e+00
3.786574010784443e-04	2.946930e+00
3.790480260784443e-04	2.946780e+00
3.794386510784443e-04	2.946630e+00
3.798292760784443e-04	2.946480e+00
3.802199010784443e-04	2.946331e+00
3.806105260784443e-04	2.946181e+00
3.810011510784444e-04	2.946031e+00
3.813917760784444e-04	2.945881e+00
3.817824010784444e-04	2.945732e+00
3.821730260784444e-04	2.945582e+00
3.825636510784444e-04	2.945432e+00
3.829542760784444e-04	2.945283e+00
3.833449010784444e-04	2.945133e+00
3.837355260784444e-04	2.944983e+00
3.841261510784444e-04	2.944834e+00
3.845167760784445e-04	2.944684e+00
3.849074010784445e-04	2.944535e+00
3.852980260784445e-04	2.944385e+00
3.856886510784445e-04	2.944235e+00
3.860792760784445e-04	2.944086e+00
3.864699010784445e-04	2.943936e+00
3.868605260784445e-04	2.943787e+00
3.872511510784445e-04	2.943637e+00
3.876417760784445e-04	2.943488e+00
3.880324010784446e-04	2.943338e+00
3.884230260784446e-04	2.943188e+00
3.888136510784446e-04	2.943039e+00
3.892042760784446e-04	2.942889e+00
3.895949010784446e-04	2.942740e+00
3.899855260784446e-04	2.942591e+00
3.903761510784446e-04	2.942441e+00
3.907667760784446e-04	2.942292e+00
3.911574010784446e-04	2.942142e+00
3.915480260784447e-04	2.941993e+00
3.919386510784447e-04	2.941844e+00
3.923292760784447e-04	2.941694e+00
3.927199010784447e-04	2.941545e+00
3.931105260784447e-04	2.941396e+00
3.935011510784447e-04	2.941246e+00
3.938917760784447e-04	2.941097e+00
3.942824010784447e-04	2.940948e+00
3.946730260784447e-04	2.940798e+00
3.950636510784448e-04	2.940649e+00
3.954542760784448e-04	2.940500e+00
3.958449010784448e-04	2.940350e+00
3.962355260784448e-04	2.940201e+00
3.966261510784448e-04	2.940052e+00
3.970167760784448e-04	2.939903e+00
3.974074010784448e-04	2.939753e+00
3.977980260784448e-04	2.939604e+00
3.981886510784449e-04	2.939455e+00
3.985792760784449e-04	2.939306e+00
3.989699010784449e-04	2.939157e+00
3.993605260784449e-04	2.939008e+00
3.997511510784449e-04	2.938858e+00
4.000000000000000e-04	2.938763e+00
